0.000 0
0.001 3585
0.000 0
0.001 7806
0.000 0
0.000 5853
0.001 2080
0.000 0
0.000 7993
0.000 0
0.000 5826
0.001 2078
0.000 0
0.001 7706
0.000 0
0.000 7746
0.002 0
0.000 802
0.001 6869
0.000 0
0.001 7776
0.000 0
0.000 2873
0.001 4977
0.000 0
0.001 7452
0.000 0
0.001 6939
0.000 0
0.000 4889
0.000 1786
0.000 4345
0.001 1883
0.000 2961
0.001 3774
0.000 2600
0.003 4421
0.000 0
0.001 7012
0.000 0
0.001 7393
0.000 0
0.000 5078
0.000 1850
0.000 3158
0.001 4252
0.000 0
0.001 7204
0.000 0
0.001 7456
0.000 0
0.000 3649
0.001 3490
0.000 2500
0.001 4547
0.000 0
0.001 6980
0.000 0
0.001 7793
0.000 0
0.000 826
0.001 5972
0.000 0
0.001 7533
0.000 0
0.000 5559
0.001 2055
0.000 0
0.001 7107
0.000 0
0.001 8011
0.000 0
0.000 2994
0.001 4347
0.000 0
0.001 7845
0.000 0
0.000 5335
0.000 1927
0.000 408
0.001 7320
0.000 0
0.001 7833
0.000 0
0.000 2846
0.000 4761
0.000 0
0.001 7548
0.000 0
0.000 4156
0.001 3560
0.000 0
0.001 7861
0.000 0
0.000 5807
0.001 1937
0.000 0
0.000 7542
0.000 0
0.001 7105
0.000 0
0.000 3713
0.000 3412
0.000 0
0.001 7731
0.000 0
0.001 7847
0.000 0
0.000 820
0.001 6912
0.000 0
0.001 7694
0.000 0
0.000 3163
0.001 4303
0.000 0
0.001 6279
0.000 0
0.001 6193
0.000 0
0.000 4854
0.000 2001
0.000 2846
0.001 4815
0.000 0
0.001 6593
0.000 0
0.000 6387
0.000 0
0.000 6524
0.000 0
0.000 4876
0.001 1830
0.000 3054
0.001 4301
0.000 0
0.001 7791
0.000 0
0.000 5411
0.001 1916
0.000 2609
0.000 4264
0.000 0
0.001 6776
0.000 0
0.001 7096
0.000 0
0.001 7097
0.000 0
0.000 5294
0.001 1805
0.000 790
0.000 6511
0.000 0
0.001 7723
0.000 0
0.000 3237
0.001 4510
0.000 0
0.001 7741
0.000 0
0.000 5641
0.001 2040
0.000 0
0.001 7632
0.000 0
0.001 7635
0.000 0
0.000 2801
0.001 4937
0.000 0
0.001 7735
0.000 0
0.000 4787
0.000 1892
0.000 2821
0.000 4766
0.000 0
0.000 7096
0.000 0
0.000 4084
0.001 3678
0.000 0
0.001 7913
0.000 0
0.000 5615
0.000 2000
0.000 0
0.003 7140
0.000 0
0.001 4525
0.000 0
0.001 7270
0.000 0
0.001 7622
0.000 0
0.000 2867
0.001 4971
0.000 0
0.001 7870
0.000 0
0.000 3335
0.001 4378
0.000 0
0.001 7795
0.000 0
0.000 5213
0.001 2032
0.000 0
0.000 7425
0.000 0
0.001 6225
0.000 0
0.001 7652
0.000 0
0.000 3954
0.001 3518
0.000 0
0.001 7249
0.000 0
0.001 6919
0.000 0
0.000 5364
0.001 1955
0.000 2638
0.001 4387
0.000 0
0.001 7834
0.000 0
0.000 5855
0.001 2074
0.000 0
0.001 7600
0.000 0
0.000 6307
0.000 0
0.000 5036
0.001 1865
0.000 2615
0.001 4818
0.000 0
0.001 7131
0.000 0
0.001 7385
0.000 0
0.000 2861
0.001 4778
0.000 0
0.000 7094
0.000 0
0.000 6573
0.000 0
0.000 4942
0.000 1842
0.000 0
0.000 7708
0.000 0
0.001 7189
0.000 0
0.000 5313
0.001 1971
0.000 2669
0.001 4797
0.000 0
0.001 7597
0.000 0
0.000 3902
0.001 3151
0.000 2697
0.001 4722
0.000 0
0.001 7578
0.000 0
0.000 5505
0.001 2017
0.000 0
0.001 7568
0.000 0
0.000 5700
0.001 1921
0.000 2907
0.001 3960
0.000 682
0.001 6005
0.000 0
0.001 7152
0.000 0
0.001 6782
0.000 0
0.001 7436
0.000 0
0.000 2973
0.001 3804
0.000 0
0.000 6344
0.000 0
0.000 6365
0.000 0
0.000 7205
0.000 0
0.000 3051
0.001 4352
0.000 0
0.000 7437
0.000 0
0.001 6973
0.000 0
0.000 3149
0.001 4225
0.000 0
0.002 6259
0.000 0
0.001 5671
0.000 2195
0.001 4451
0.000 0
0.000 6960
0.000 0
0.001 7247
0.000 0
0.000 4041
0.001 3626
0.000 0
0.001 6796
0.000 0
0.001 7032
0.000 0
0.000 24676
0.001 746
0.000 3206
0.001 4505
0.000 0
0.000 7746
0.000 0
0.000 3334
0.001 4462
0.000 0
0.001 7567
0.000 0
0.000 5787
0.001 1992
0.000 0
0.002 7868
0.000 0
0.001 7808
0.000 0
0.000 2900
0.001 4679
0.000 0
0.001 7742
0.000 0
0.000 3256
0.001 4497
0.000 0
0.001 7682
0.000 0
0.000 4018
0.001 3690
0.000 0
0.001 7814
0.000 0
0.000 5533
0.001 2035
0.000 406
0.001 7451
0.000 0
0.001 7879
0.000 0
0.000 2875
0.001 4873
0.000 0
0.001 7621
0.000 0
0.000 3262
0.003 4494
0.000 0
0.001 7915
0.000 0
0.000 4091
0.001 3678
0.000 0
0.001 7733
0.000 0
0.000 5747
0.001 2036
0.000 0
0.001 7831
0.000 0
0.000 5738
0.001 2061
0.000 412
0.001 7261
0.000 0
0.001 7765
0.000 0
0.000 2828
0.000 4493
0.000 0
0.001 7797
0.000 0
0.000 4133
0.001 3691
0.000 0
0.001 7620
0.000 0
0.000 5764
0.001 2065
0.000 0
0.000 7878
0.000 0
0.000 5677
0.001 2003
0.000 52003
0.001 7464
0.000 0
0.001 7731
0.000 0
0.000 3270
0.001 4508
0.000 0
0.001 7697
0.000 0
0.000 3286
0.001 4450
0.000 0
0.001 7757
0.000 0
0.000 5719
0.001 2062
0.000 0
0.001 7828
0.000 0
0.000 5756
0.001 2028
0.000 400
0.001 7351
0.000 0
0.001 7760
0.000 0
0.000 2897
0.001 4951
0.000 0
0.001 7830
0.000 0
0.000 3221
0.001 4246
0.000 0
0.000 7921
0.000 0
0.000 4079
0.001 3729
0.000 0
0.001 7743
0.000 0
0.000 5574
0.001 1989
0.000 0
0.001 7526
0.000 0
0.001 7785
0.000 0
0.000 3294
0.001 4442
0.000 0
0.001 7884
0.000 0
0.000 4098
0.001 3717
0.000 0
0.001 7351
0.000 0
0.000 5630
0.001 2010
0.000 0
0.001 7874
0.000 0
0.001 7799
0.000 0
0.000 411
0.001 7122
0.000 0
0.001 7700
0.000 0
0.000 3268
0.001 4473
0.000 0
0.002 7617
0.000 0
0.000 4133
0.001 3682
0.000 0
0.001 7584
0.000 0
0.000 4910
0.001 2045
0.000 2788
0.001 4916
0.000 0
0.001 7781
0.000 0
