0.000 0
0.000 3715
0.009 6547
0.002 4422
0.001 22375
0.003 7710
0.002 7715
0.000 5726
0.003 4861
0.002 4864
0.001 7681
0.003 7687
0.000 14625
0.005 5510
0.002 6430
0.003 6534
0.003 6061
0.003 7878
0.002 7486
0.000 5382
0.000 5480
0.000 5289
0.000 4440
0.000 7396
0.000 7161
0.000 7208
0.000 6311
0.000 6114
0.000 6432
0.000 6732
0.000 4823
0.000 6582
0.000 6600
0.000 4539
0.000 7318
0.000 6195
0.000 6464
0.000 6274
0.000 4619
0.000 6619
0.000 7188
0.000 6588
0.000 6862
0.000 7311
0.000 5187
0.000 5067
0.000 6898
0.000 4782
0.000 7072
0.000 7536
0.000 7589
0.000 4044
0.002 6229
0.001 4806
0.002 7743
0.003 7761
0.000 5567
0.001 5809
0.002 6394
0.002 4796
0.001 7418
0.002 7414
0.003 7158
0.000 5528
0.001 5196
0.002 4309
0.002 7437
0.002 7534
0.002 7231
0.000 5543
0.002 5351
0.002 4471
0.002 7339
0.002 7592
0.002 7792
0.000 5670
0.001 4836
0.002 4828
0.001 7616
0.002 7674
0.000 6305
0.002 4403
0.002 81208
0.003 6476
0.003 7671
0.003 7613
0.000 5735
0.002 5323
0.001 5968
0.001 6645
0.002 6249
0.003 4637
0.001 6433
0.001 6539
0.001 6510
0.002 6201
0.001 7378
0.001 5878
0.001 6405
0.001 6291
0.001 6475
0.001 6067
0.004 7087
0.001 6943
0.001 6912
0.000 5515
0.001 4626
0.001 3346
0.002 7399
0.001 6383
0.001 5912
0.001 5819
0.003 8166
0.004 5151
0.001 5592
0.001 5915
0.002 7213
0.000 5898
0.002 7554
0.001 6702
0.001 6712
0.002 7025
0.000 5227
0.002 6754
0.001 6822
0.013 5258
0.002 7452
0.000 5628
0.001 4840
0.002 7036
0.001 5584
0.003 5762
0.002 6127
0.002 6723
0.001 7359
0.002 7257
0.002 6414
0.000 5526
0.003 5104
0.001 6893
0.002 4454
0.001 7634
0.002 6281
0.001 7679
0.000 5432
0.002 5871
0.001 6144
0.001 6762
0.001 3783
0.004 5817
0.002 6063
0.002 7659
0.003 5753
0.001 7001
0.002 4718
0.001 6373
0.001 6923
0.002 5430
0.002 6899
0.001 6762
0.002 6274
0.002 5659
0.002 6860
0.002 5923
0.001 7379
0.002 4752
0.001 6965
0.002 6923
0.001 6552
0.001 6499
0.002 7102
0.000 6212
0.001 5179
0.001 7209
0.002 5907
0.002 6846
0.001 5377
0.002 6095
0.002 5030
0.002 6738
0.002 7490
0.002 7085
0.002 7219
0.000 5462
0.001 5209
0.002 4337
0.002 7647
0.001 7693
0.002 7471
0.000 5465
0.002 4785
0.002 4458
0.002 7243
0.002 7108
0.002 7564
0.002 7309
0.000 4082
0.002 4873
0.002 6421
0.002 7811
0.002 7619
0.000 5742
0.002 4932
0.002 4745
0.002 7803
0.002 7621
0.001 7514
0.000 5452
0.002 5170
0.002 4321
0.001 7142
0.002 7411
0.002 7207
0.000 5470
0.001 5662
0.002 4848
0.002 6737
0.002 7602
0.002 7527
0.000 5540
0.002 5253
0.002 5411
0.002 6281
0.002 6629
0.002 6463
0.001 6682
0.002 7218
0.002 7544
0.000 5071
0.001 5305
0.003 4530
0.002 7584
0.001 7534
0.002 45692
0.000 3887
0.002 6959
0.003 7727
0.000 4605
0.002 6720
0.005 6751
0.002 7702
0.000 3875
0.001 6237
0.002 4833
0.005 7399
0.002 7527
0.002 7029
0.000 5294
0.001 5086
0.002 6504
0.002 4746
0.002 7207
0.002 7307
0.002 7189
0.000 6516
0.002 4543
0.002 4889
0.003 7015
0.003 7606
0.002 7801
0.000 5567
0.001 5035
0.002 4480
0.002 7405
0.001 7828
0.003 7643
0.000 4081
0.002 4594
0.002 6854
0.003 7645
0.003 7634
0.000 5535
0.003 5282
0.002 6508
0.002 4873
0.001 7669
0.002 7833
0.000 5799
0.002 5214
0.002 4446
0.002 7687
0.002 7721
0.002 7879
0.000 3678
0.002 5146
0.002 6231
0.002 7813
0.001 7698
0.000 5544
0.002 5204
0.002 4462
0.002 74509
0.002 7604
0.002 7495
0.000 5060
0.001 5354
0.002 4934
0.002 7460
0.002 7751
0.003 7128
0.000 5223
0.002 5076
0.002 6851
0.002 4460
0.001 7785
0.002 7675
0.000 5361
0.002 6319
0.003 5910
0.002 4580
0.001 7893
0.003 7655
0.002 7644
0.000 3632
0.002 4864
0.002 6933
0.001 7315
0.002 7567
0.000 5393
0.002 5616
0.001 6372
0.002 4801
0.002 7661
0.002 7709
0.002 7315
0.000 3942
0.002 6452
0.002 4807
0.001 7644
0.002 7827
0.000 5651
0.002 5016
0.002 5000
0.001 6689
0.002 7535
0.002 7402
0.000 5593
0.002 5347
0.002 4859
0.002 7328
0.002 7608
0.002 6959
0.000 5640
0.002 5195
0.003 6486
0.002 4767
0.002 7568
0.001 7700
0.003 7460
0.000 4073
0.002 6439
0.002 4693
0.002 7211
0.002 7856
0.002 7775
0.000 3223
0.001 6842
0.002 4518
0.003 7608
0.002 7631
0.000 5782
0.001 5274
0.002 72752
0.002 7727
0.002 7586
0.001 7469
0.000 4113
0.003 6405
0.002 4805
0.001 7720
0.001 7536
0.000 5628
0.002 4691
0.001 7775
0.002 6239
0.001 5278
0.002 4440
0.001 7272
0.002 7544
0.002 7493
0.000 5622
0.002 5168
0.003 4466
0.001 7816
0.002 7912
0.000 5777
0.002 5169
0.001 4920
0.002 6636
0.002 6192
0.001 6376
0.002 5876
0.001 6679
0.002 4646
0.002 7722
0.001 7601
0.003 7407
0.000 5351
0.001 4651
0.002 7059
0.002 4353
0.004 6858
0.002 7561
0.001 7598
0.000 5802
0.002 5233
0.002 4434
0.001 7720
0.001 4948
0.004 9612
0.000 3231
0.001 6783
0.001 4390
0.002 7698
0.002 7694
0.002 7836
0.000 3237
0.002 5257
0.002 6994
0.002 7526
0.002 7665
0.000 5365
0.004 5035
0.001 6338
0.001 4508
0.003 7806
0.002 7662
0.003 7846
0.000 3286
0.001 4571
0.002 7709
0.003 7871
0.002 7556
0.000 4050
0.001 4526
0.003 6974
0.002 7560
0.002 7498
0.000 5605
0.001 4838
0.002 6904
0.002 4732
0.002 7640
0.002 7784
0.001 6266
0.000 5620
0.001 5359
0.003 5233
0.002 6559
0.002 7762
0.001 7669
0.000 5668
0.002 4889
0.002 4996
0.001 7325
0.002 7602
0.000 14913
0.002 5183
0.002 6409
0.002 4297
0.002 7704
0.002 7935
0.000 5766
0.001 5299
0.002 4752
0.002 7030
0.003 7901
0.002 7752
0.000 5570
0.002 4794
0.002 4521
0.002 7703
0.002 7774
0.002 7798
0.000 4024
0.002 36063
0.002 5962
0.002 7882
0.002 7782
0.000 5678
0.002 4900
0.002 4910
0.002 7723
0.001 6927
0.003 7438
0.000 5702
0.002 4840
0.001 4892
0.007 7693
0.002 7560
0.000 5738
0.001 5209
0.002 4880
0.002 7129
0.002 7644
0.002 7519
0.000 5633
0.002 4931
0.002 5237
0.002 6557
