0.000 0
0.006 12124
0.002 11990
0.006 12593
0.003 12454
0.004 12719
0.005 12458
0.003 11128
0.005 12429
0.005 11909
0.009 12308
0.003 12844
0.004 12970
0.004 12181
0.003 11532
0.004 14042
0.003 10361
0.006 13166
0.005 12283
0.004 13089
0.004 12452
0.012 12519
0.003 11193
0.004 13245
0.006 11390
0.002 10696
0.006 12578
0.001 12271
0.005 12834
0.006 12288
0.003 11453
0.002 12211
0.004 12684
0.008 13560
0.005 12634
0.002 10669
0.004 13076
0.004 11732
0.003 12598
0.004 12898
0.004 11698
0.002 11897
0.004 12176
0.005 12776
0.004 13292
0.005 10231
0.006 13077
0.003 11537
0.003 12724
0.002 12033
0.005 11870
0.002 12467
0.006 12127
0.004 13101
0.010 10101
0.003 12573
0.005 13375
0.004 10963
0.002 11806
0.005 11809
0.004 12891
0.005 11993
0.002 12918
0.004 12962
0.001 10089
0.003 12012
0.004 12320
0.004 11841
0.004 13695
0.004 11742
0.002 12872
0.004 12512
0.003 10913
0.007 13481
0.005 11866
0.002 13282
0.005 12051
0.005 12316
0.002 11978
0.006 12602
0.002 7930
0.005 7349
0.007 12653
0.005 12547
0.005 12334
0.013 12948
0.001 12240
0.005 11756
0.004 14042
0.004 11852
0.003 12169
0.004 12221
0.005 13570
0.006 12598
0.006 10932
0.006 12586
0.003 12316
0.005 12982
0.005 11968
0.005 13262
0.005 12084
0.005 12008
0.003 13277
0.004 12396
0.005 11584
0.002 12677
0.006 11857
0.005 13191
0.004 12508
0.003 11295
0.005 13764
0.003 10385
0.005 13064
0.004 11809
0.004 84496
0.005 12634
0.004 11544
0.001 11523
0.005 13855
0.004 12554
0.002 10811
0.005 12106
0.003 12843
0.006 13044
0.004 11707
0.003 13728
0.006 12734
0.001 10575
0.004 13148
0.004 11963
0.002 11736
0.006 11952
0.002 12641
0.011 13260
0.005 12242
0.002 13165
0.006 12625
0.002 10550
0.005 13304
0.005 12087
0.005 58371
0.005 12501
0.005 12518
0.002 11671
0.004 12407
0.002 12609
0.005 12805
0.005 12758
0.002 11378
0.006 11839
0.004 12839
0.008 11614
0.003 13253
0.006 12017
0.004 12099
0.002 13141
0.005 12149
0.006 11911
0.002 12289
0.004 13446
0.005 11773
0.004 11960
0.002 12915
0.003 12137
0.004 12276
0.002 10983
0.005 12913
0.006 12170
0.002 13175
0.005 12285
0.006 12597
0.002 11305
0.005 12296
0.002 12601
0.005 13115
0.004 12363
0.002 10847
0.004 12311
0.002 13445
0.006 12719
0.002 10587
0.004 12830
0.005 11827
0.002 13484
0.009 12643
0.004 10817
0.005 12754
0.005 12214
0.002 13393
0.005 11871
0.006 11855
0.002 12251
0.006 12752
0.007 12331
0.003 13426
0.006 12313
0.004 10028
0.006 9318
0.003 11943
0.005 12484
0.005 11982
0.002 13160
0.006 12620
0.005 12483
0.004 10290
0.004 14463
0.003 10737
0.005 12865
0.005 39524
0.003 12911
0.004 12590
0.004 12770
0.002 11051
0.005 31239
0.003 12896
0.005 12472
0.004 11194
0.005 12217
0.007 12737
0.003 11123
0.005 12364
0.002 13110
0.006 12548
0.005 12000
0.003 11540
0.005 14021
0.003 10379
0.004 12469
0.004 12169
0.005 13635
0.005 11715
0.002 11357
0.004 13249
0.004 11859
0.003 12959
0.005 12688
0.005 12330
0.002 11795
0.005 11915
0.003 12778
0.006 7866
0.004 4367
0.011 7577
0.010 11241
0.003 13053
0.004 12082
0.004 13104
0.002 10722
0.003 11902
0.005 11506
0.005 13370
0.005 13214
0.005 12264
0.003 11129
0.005 69811
0.011 11752
0.004 10086
0.002 12552
0.006 11517
0.004 13512
0.010 11608
0.008 11248
0.003 10538
0.005 9613
0.004 12245
0.004 12482
0.004 12000
0.001 2458
0.107 10820
0.004 12680
0.001 4964
0.033 11087
0.007 6606
0.003 11019
0.004 12779
0.007 12302
0.006 12147
0.003 11914
0.006 13011
0.006 12948
0.005 12797
0.004 11231
0.004 8287
0.007 12930
0.007 10635
0.002 11774
0.004 13080
0.005 11402
0.002 12431
0.004 12077
0.004 12292
0.002 11703
0.003 12267
0.006 14515
0.005 12498
0.005 12435
0.003 11349
0.005 12236
0.003 12703
0.007 12826
0.006 12479
0.002 11709
0.005 13654
0.003 10397
0.005 12308
0.005 13750
0.005 12725
0.002 11172
0.005 11900
0.002 13079
0.006 12534
0.002 10594
0.005 12942
0.005 12405
0.004 11895
0.004 13003
0.007 12348
0.003 11804
0.004 11399
0.004 12612
0.002 11871
0.004 13176
0.005 12318
0.003 11468
0.006 14075
0.003 10632
0.004 12936
0.007 12119
0.026 11778
0.003 11939
0.005 13991
0.003 10704
0.004 12838
0.004 11959
0.002 13520
0.004 11156
0.002 11978
0.004 12856
0.005 11924
0.002 13400
0.005 12112
0.005 12647
0.003 11138
0.005 12484
0.002 12380
0.004 13673
0.006 10600
0.005 12625
0.004 9999
0.003 10505
0.004 12991
0.008 10304
0.003 11690
0.004 12774
0.005 12175
0.005 11958
0.006 13920
0.002 10253
0.004 13158
0.005 12051
0.002 13532
0.007 12795
0.004 10341
0.007 12994
0.004 12123
0.002 12688
0.008 12832
0.005 12359
0.012 11988
0.006 12786
0.005 12150
0.002 12650
0.005 12549
0.005 12401
0.003 11369
0.005 12164
0.002 12637
0.005 12458
0.005 12112
0.003 20280
0.008 12080
0.005 12281
0.004 11841
0.006 12042
0.002 12968
0.007 12654
0.004 12738
0.002 10671
0.006 12443
0.003 12907
0.005 12948
0.005 12235
0.002 11837
0.006 12480
0.002 11850
0.005 12538
0.005 68318
0.003 13210
0.008 12208
0.004 12702
0.004 12338
0.001 12491
0.004 12525
0.004 12412
0.002 11227
0.004 13562
0.004 12253
0.002 10649
0.005 12420
0.003 13395
0.005 11460
0.005 12006
0.003 12715
0.004 12735
0.007 12084
0.003 11505
0.005 12256
0.003 12625
0.005 13076
0.004 12200
0.003 11116
0.006 14384
0.004 11954
0.004 11219
0.004 12243
0.004 12792
0.006 11617
0.003 12919
0.004 13055
0.005 11846
0.003 12856
0.006 12505
0.005 11856
0.002 11810
0.004 13647
0.003 10536
0.006 12746
0.004 12182
0.002 12848
0.005 13088
0.005 11826
0.002 11931
0.005 12361
0.002 11782
0.005 12857
0.004 12366
0.008 12423
0.002 11041
0.007 12249
0.003 13694
0.005 12477
0.003 10799
0.005 12865
0.005 12233
0.002 12901
0.006 11818
0.002 12331
0.004 13084
0.005 12372
0.002 11798
0.005 12168
0.002 12552
0.005 12885
0.007 12995
0.003 10971
0.007 12288
0.002 13501
0.006 12354
0.003 48084
0.006 12942
0.005 12377
0.004 11998
0.005 12447
0.002 12830
0.006 12687
0.005 12628
0.003 11168
0.005 12416
0.004 12021
0.007 12501
0.002 12860
0.004 12819
0.004 12508
0.002 11363
0.006 11723
0.002 13456
0.004 12402
0.004 12406
0.002 10860
0.005 12333
0.004 13297
0.006 12389
0.006 12751
0.002 11297
0.004 10564
0.002 13090
0.006 13352
0.005 12332
0.001 11117
0.005 12505
