0.000 0
0.008 15288
0.007 15612
0.009 15571
0.007 15320
0.008 15617
0.007 14977
0.008 15313
0.012 14718
0.012 14484
0.008 15070
0.006 15698
0.007 15185
0.008 15304
0.008 15304
0.010 14946
0.009 15362
0.008 39983
0.006 12586
0.008 14619
0.009 13944
0.010 67630
0.010 15019
0.010 14191
0.008 14359
0.014 13771
0.010 14377
0.008 13809
0.007 14198
0.011 15394
0.011 14621
0.009 14950
0.011 13652
0.008 14035
0.009 12248
0.010 13630
0.006 12646
0.007 13813
0.007 13328
0.008 12750
0.011 12950
0.006 12224
0.008 13243
0.009 14617
0.008 14475
0.075 12919
0.008 15241
0.008 11428
0.008 10668
0.013 9767
0.009 10777
0.008 12573
0.008 12568
0.012 12509
0.009 13333
0.007 13670
0.011 51258
0.009 13948
0.010 14846
0.010 15497
0.012 15485
0.009 15254
0.009 14870
0.012 15498
0.009 15461
0.009 14635
0.012 15103
0.010 15434
0.008 15534
0.008 15778
0.011 15469
0.007 15233
0.011 15390
0.009 15010
0.007 14681
0.009 14694
0.010 14749
0.007 15483
0.009 14816
0.009 15058
0.011 15320
0.008 15835
0.009 15252
0.007 14937
0.009 15587
0.009 15643
0.009 14494
0.009 13878
0.012 14025
0.011 13771
0.008 15080
0.013 14449
0.009 16545
0.009 15040
0.014 15326
0.011 15426
0.011 15397
0.004 6460
0.019 6775
0.012 9596
0.011 13437
0.010 14647
0.011 71549
0.011 13164
0.009 14173
0.006 11866
0.011 12144
0.005 6864
0.015 9273
0.001 8640
0.012 9705
0.016 12546
0.008 10800
0.020 13646
0.010 13656
0.008 14122
0.009 12536
0.010 10830
0.040 14106
0.013 68837
0.008 13462
0.010 12332
0.013 14859
0.012 13899
0.009 14386
0.008 14161
0.007 13788
0.015 13069
0.006 13534
0.010 11899
0.015 10226
0.012 13851
0.011 14120
0.010 14254
0.010 14644
0.008 14715
0.009 14715
0.012 14496
0.006 15213
0.010 15047
0.009 15440
0.009 15764
0.010 15709
0.008 15678
0.007 15348
0.009 15342
0.009 15423
0.010 15006
0.008 15677
0.011 14274
0.005 12249
0.013 4950
0.010 5453
0.019 12295
0.009 14811
0.007 14975
0.009 14982
0.009 15527
0.009 15721
0.009 15119
0.009 15146
0.006 14844
0.012 79227
0.012 15213
0.011 15452
0.006 15314
0.008 15175
0.010 15643
0.008 14274
0.009 14119
0.011 15444
0.010 15763
0.009 15028
0.008 15689
0.009 15298
0.010 15061
0.018 14902
0.012 15665
0.009 14972
0.011 15072
0.008 11457
0.003 3495
0.025 6144
0.013 5831
0.013 35740
0.011 13944
0.010 15136
0.007 15385
0.010 75718
0.013 14801
0.010 14987
0.008 12443
0.009 14697
0.010 11574
0.024 13537
0.011 81496
0.011 15135
0.010 14725
0.010 14724
0.008 11083
0.014 14600
0.011 10094
0.013 5824
0.012 5789
0.011 13151
0.012 13879
0.010 15616
0.009 15718
0.010 15218
0.007 15797
0.008 15501
0.009 15435
0.009 15185
0.012 15272
0.011 15650
0.010 15390
0.009 15498
0.011 15602
0.011 15387
0.010 15833
0.014 15717
0.007 15752
0.011 14864
0.013 15317
0.012 15235
0.009 14953
0.010 15067
0.010 15148
0.009 14127
0.010 15599
0.009 14974
0.009 15512
0.008 15351
0.012 14916
0.011 15325
0.010 15197
0.010 15486
0.007 15432
0.010 15396
0.010 15116
0.011 15750
0.009 15438
0.009 15309
0.009 15666
0.011 15609
0.011 15496
0.010 15478
0.010 15771
0.006 15596
0.011 15765
0.009 15700
0.010 15703
0.008 14558
0.010 14951
0.013 14527
0.007 13659
0.013 3546
0.034 12397
0.007 7522
0.017 12759
0.015 13812
0.010 14878
0.024 15023
0.008 12523
0.015 13904
0.009 12807
0.011 12441
0.009 13365
0.011 13054
0.013 13807
0.011 12139
0.011 14366
0.010 13793
0.006 10974
0.012 14232
0.009 14996
0.011 14390
0.009 15076
0.010 14558
0.008 11682
0.010 15331
0.010 15574
0.007 14977
0.012 15191
0.011 15695
0.012 13661
0.008 15427
0.011 15400
0.010 15173
0.009 14710
0.010 15356
0.017 12316
0.011 14463
0.012 15233
0.010 15198
0.013 77962
0.011 13821
0.010 14897
0.010 14456
0.009 15233
0.003 4655
0.030 5664
0.017 4484
0.022 14546
0.010 15175
0.010 14947
0.009 14875
0.009 13675
0.009 12498
0.013 14486
0.010 15732
0.012 147171
0.011 14730
0.008 13190
0.009 14987
0.012 15389
0.010 15409
0.009 14466
0.011 14675
0.013 12902
0.010 21411
0.009 14393
0.009 15232
0.010 14999
0.008 37556
0.011 14487
0.014 15126
0.017 15409
0.010 14848
0.010 14893
0.009 13732
0.009 13350
0.011 15072
0.012 15741
0.015 15202
0.005 5933
0.020 11090
0.015 70589
0.008 15175
0.008 15360
0.006 12164
0.012 14325
0.009 13919
0.013 14863
0.013 14795
0.008 14429
0.010 12271
0.009 15412
0.010 14957
0.011 15307
0.010 14906
0.021 14927
0.010 13160
0.012 15326
0.010 14721
0.009 15818
0.009 15191
0.011 15195
0.011 13566
0.010 15597
0.011 15359
0.009 14200
0.000 15173
0.000 11691
0.000 14773
0.000 13835
0.000 15136
0.000 15734
0.000 15474
0.000 12347
0.000 14832
0.000 15234
0.000 14782
0.000 15489
0.000 15156
0.000 12899
0.000 15131
0.000 15526
0.000 9454
0.000 14976
0.000 8865
0.000 13474
0.000 13101
0.000 9436
0.000 4412
0.000 32581
0.000 9778
0.000 13277
0.000 14431
0.000 15045
0.000 15389
0.000 15673
0.000 15392
0.000 14988
0.000 15165
0.000 14603
0.000 15367
0.000 14841
0.000 15498
0.000 15752
0.000 14500
0.000 15700
0.000 15394
0.000 15710
0.000 15494
0.000 15844
0.000 15343
0.000 15308
0.000 13853
0.000 12890
0.000 15022
0.000 14990
0.000 14494
0.000 14729
0.000 15146
0.000 15565
0.000 14849
0.000 14472
0.000 15668
0.000 15212
0.000 14913
0.000 15543
0.000 15198
0.000 15645
0.000 14865
0.000 3010
0.000 5334
0.000 8774
0.000 13500
0.000 49563
0.000 7897
0.000 13698
0.000 9267
0.000 13263
0.000 11868
0.000 13064
0.000 12968
0.000 13124
0.000 13106
0.000 9957
0.000 12404
0.000 13348
0.000 12087
0.000 11862
0.000 10063
0.000 10661
0.000 14363
0.000 14762
0.000 14835
0.000 13929
0.000 14338
0.000 14915
0.000 11505
0.000 14212
0.000 12160
0.000 13425
0.000 14562
0.000 58975
0.000 88952
0.000 50562
0.000 11462
0.000 14605
0.000 15253
0.000 14551
0.000 5243
0.000 13598
0.000 73208
0.000 43660
0.000 14484
0.000 12241
0.000 13852
0.000 15338
0.000 14697
0.000 14964
0.000 14758
0.000 13044
0.000 14848
0.000 15731
0.000 15554
0.000 15435
0.000 15079
0.000 54825
0.000 13896
0.000 14552
0.000 15193
0.000 35300
0.000 14628
0.000 12199
0.000 11946
0.000 14387
0.000 13769
0.000 14582
0.000 12123
0.000 13820
0.000 8546
0.000 7226
0.000 8352
0.000 15070
0.000 32685
0.000 15313
