0.000 0
0.004 36126
0.006 15624
0.003 15224
0.003 14700
0.004 15778
0.004 15660
0.005 84488
0.004 15581
0.005 15940
0.004 15840
0.003 15892
0.007 14940
0.004 14474
0.004 14100
0.004 46718
0.005 75792
0.004 13237
0.005 13230
0.004 13369
0.003 14959
0.004 14841
0.005 14405
0.000 13518
0.000 14751
0.000 14508
0.000 14962
0.000 13241
0.000 14221
0.000 12242
0.000 14460
0.000 15367
0.000 15510
0.000 14500
0.000 15623
0.000 15546
0.000 15787
0.000 15388
0.000 15098
0.000 14665
0.000 15221
0.000 14301
0.000 15555
0.000 15109
0.000 14766
0.000 15048
0.000 41907
0.000 60793
0.000 15137
0.000 15447
0.000 13175
0.000 16828
0.000 15051
0.000 14560
0.000 14700
0.000 15420
0.000 15446
0.000 52303
0.000 15409
0.000 15558
0.000 15513
0.000 15049
0.000 14680
0.000 37746
0.000 15596
0.000 16002
0.000 15468
0.000 15466
0.000 62487
0.000 15426
0.000 15124
0.000 14884
0.000 15248
0.000 15350
0.000 14491
0.000 15460
0.000 15086
0.000 14241
0.000 15594
0.000 15465
0.000 7575
0.000 14450
0.000 15674
0.000 15774
0.000 22155
0.000 54891
0.000 14948
0.000 15477
0.000 15355
0.000 15342
0.000 15264
0.000 15741
0.000 15559
0.000 14938
0.000 16091
0.000 15474
0.000 15558
0.000 15492
0.000 13125
0.000 15374
0.000 14977
0.000 13635
0.000 14484
0.000 13627
0.000 14971
0.000 14886
0.000 14689
0.000 14637
0.000 15307
0.000 15340
0.000 15401
0.000 15061
0.000 43290
0.000 13214
0.000 13312
0.000 13171
0.000 11866
0.000 39678
0.000 13549
0.000 15283
0.000 13463
0.000 14520
0.000 15350
0.000 13529
0.000 14805
0.000 14678
0.000 14107
0.000 14373
0.000 14589
0.000 13687
0.000 13280
0.000 15033
0.000 14531
0.000 15258
0.000 14521
0.000 15234
0.000 14834
0.000 14935
0.000 15250
0.000 15107
0.000 15702
0.000 13997
0.000 12406
0.000 13283
0.000 10837
0.000 12707
0.000 12120
0.000 14833
0.000 15151
0.000 14925
0.000 14060
0.000 14784
0.000 52827
0.000 14298
0.000 15539
0.000 13787
0.000 13155
0.000 13892
0.000 15260
0.000 15509
0.000 14816
0.000 67271
0.000 14519
0.000 12867
0.000 13778
0.000 10422
0.000 15138
0.000 14762
0.000 10909
0.000 10947
0.000 14357
0.000 14316
0.000 15062
0.000 14467
0.000 56171
0.000 13132
0.000 14219
0.000 14616
0.000 14796
0.000 15115
0.000 15698
0.000 15224
0.000 15496
0.000 15133
0.000 15481
0.000 15348
0.000 15216
0.000 14951
0.000 15671
0.000 14999
0.000 15436
0.000 14231
0.000 14089
0.000 15015
0.000 49966
0.000 15450
0.000 15277
0.000 15498
0.000 15588
0.000 15218
0.000 15613
0.000 15392
0.000 15559
0.000 15200
0.000 15665
0.000 15392
0.000 15247
0.000 15688
0.000 12363
0.000 4852
0.000 14786
0.000 14045
0.000 15198
0.000 13290
0.000 46056
0.000 14721
0.000 16024
0.000 15179
0.000 15005
0.000 15848
0.000 14709
0.000 14910
0.000 15308
0.000 15422
0.000 16080
0.000 14854
0.000 15355
0.000 15572
0.000 15482
0.000 15145
0.000 13954
0.000 14021
0.000 14443
0.000 14198
0.000 14152
0.000 15173
0.000 15419
0.000 15032
0.000 20931
0.000 15299
0.000 15726
0.000 5855
0.000 6903
0.000 1920
0.000 4042
0.000 5466
0.000 13891
0.000 14365
0.000 15259
0.000 14446
0.000 14751
0.000 13448
0.000 16394
0.000 12230
0.000 6279
0.000 5581
0.000 11718
0.000 14548
0.000 15117
0.000 14784
0.000 15478
0.000 15419
0.000 15367
0.000 14797
0.000 14083
0.000 15045
0.000 15225
0.000 15510
0.000 85286
0.000 14482
0.000 15231
0.000 14850
0.000 15032
0.000 15464
0.000 15492
0.000 15225
0.000 15126
0.000 15572
0.000 51646
0.000 11005
0.000 14603
0.000 15299
0.000 14602
0.000 14951
0.000 15324
0.000 14668
0.000 12224
0.000 14667
0.000 25064
0.000 15206
0.000 13836
0.000 13423
0.000 14396
0.000 15607
0.000 163778
0.000 15470
0.000 14522
0.000 15347
0.000 60179
0.000 15575
0.000 110035
0.000 15630
0.000 59055
0.000 15572
0.000 15878
0.000 15537
0.000 13403
0.000 15026
0.000 15182
0.000 15300
0.000 13800
0.000 14710
0.000 15683
0.000 15898
0.000 14909
0.000 15439
0.000 13531
0.000 15293
0.000 14127
0.000 14771
0.000 13916
0.000 15276
0.000 14248
0.000 14841
0.000 15437
0.000 15079
0.000 14671
0.000 15427
0.000 15386
0.000 14809
0.000 15433
0.000 15714
0.000 13925
0.000 14967
0.000 13117
0.000 13791
0.000 70441
0.000 15222
0.000 14639
0.000 15464
0.000 14071
0.000 14475
0.000 14990
0.000 14748
0.000 15061
0.000 15631
0.000 16086
0.000 38158
0.000 15188
0.000 15288
0.000 15663
0.000 15801
0.000 15345
0.000 15448
0.000 15470
0.000 15447
0.000 15489
0.000 14734
0.000 11822
0.000 14155
0.000 13105
0.000 13947
0.000 13860
0.000 15230
0.000 14794
0.000 15548
0.000 15415
0.000 15670
0.000 11297
0.000 14310
0.000 13124
0.000 15216
0.000 63619
0.000 15194
0.000 194437
0.000 14913
0.000 15051
0.000 14767
0.000 15327
0.000 15437
0.000 14640
0.000 14899
0.000 69457
0.000 15384
0.000 42956
0.000 14282
0.000 74120
0.000 14751
0.000 77107
0.000 15432
0.000 15826
0.000 14941
0.000 15534
0.000 15251
0.000 15048
0.000 15084
0.000 14967
0.000 15139
0.000 15281
0.000 13748
0.000 15301
0.000 15441
0.000 77922
0.000 15024
0.001 14457
0.001 15735
0.001 15404
0.002 68810
0.001 85512
0.001 15583
0.002 14308
0.002 15336
0.002 13717
0.001 14860
0.001 13605
0.001 15173
0.001 13939
0.002 14147
0.002 13839
0.001 15478
0.001 13803
0.002 14142
0.001 14191
0.001 15953
0.001 41028
0.001 15497
0.001 15371
0.002 15055
0.002 15360
0.001 13906
0.001 7063
0.003 4080
0.002 11299
0.001 9640
0.001 11023
0.001 9853
0.005 9960
0.003 8670
0.002 10687
0.002 7560
0.002 12314
0.001 13217
0.002 9703
0.002 11215
0.003 12164
0.002 10270
0.002 12874
0.002 12255
0.002 24656
0.002 13776
0.001 14525
0.001 14619
0.001 14115
0.002 14555
0.003 14082
0.001 14208
0.002 15443
0.002 12198
0.002 11978
0.002 105694
0.002 13551
0.002 15482
0.001 14043
0.003 13854
0.001 13476
0.002 14754
0.001 14170
0.002 15383
0.002 14875
0.001 15297
0.001 14214
0.001 14737
0.001 15149
0.002 15497
0.002 15535
0.001 14768
0.001 14571
0.001 15731
0.001 15376
0.001 14815
0.002 15043
0.001 14932
0.001 14822
0.002 56434
0.002 11701
0.001 52238
0.002 9920
0.002 13012
0.001 42863
0.001 15045
0.001 15081
0.001 15910
0.002 15580
0.001 15400
0.002 14970
0.001 14876
0.002 15402
0.001 15627
0.001 80973
0.002 15627
