0.000 0
0.974 13430
0.992 29302
0.989 19780
0.974 14411
0.997 11698
1.004 16502
0.996 19379
0.989 12338
1.001 24333
0.998 19383
1.002 12417
0.989 9988
0.990 15232
1.002 10051
0.997 13541
1.004 13919
0.985 22217
1.006 13900
0.989 12313
1.011 18177
0.982 10103
1.001 16559
0.994 17154
0.995 12837
0.992 19800
1.000 26346
0.984 10101
0.999 12976
1.000 11712
0.998 17433
0.990 20128
0.993 13755
1.002 17394
1.003 19936
0.990 21270
0.993 16861
0.999 13393
0.994 16204
1.000 14804
0.999 12031
0.990 18614
1.003 12487
1.001 13098
0.999 17759
0.994 14430
0.993 12173
1.000 15614
0.995 19682
0.989 22798
0.992 23096
0.998 19978
0.992 12775
1.004 14808
0.996 16359
0.998 13799
0.987 13134
0.998 16400
0.996 12808
0.992 20089
0.991 22018
0.998 16146
1.004 17413
0.991 19394
0.996 18828
0.994 12400
0.982 10281
1.004 15223
1.002 16343
0.984 18232
0.999 10180
0.991 10087
1.007 12146
0.985 11210
0.997 11948
0.990 15518
1.006 15261
0.983 10050
0.999 10113
0.950 14892
1.036 14390
0.962 11363
0.902 12521
1.046 18650
0.999 11937
0.972 16882
0.959 12907
0.929 14496
0.985 14854
0.984 13866
0.992 14419
1.008 12348
0.976 20640
0.963 10594
1.015 9750
0.999 10018
0.954 13173
0.998 14798
0.975 12671
0.996 10066
0.960 10346
0.983 10756
1.004 12102
0.990 13183
0.992 18886
0.994 14296
0.999 23563
0.991 10051
1.001 14422
0.903 13658
0.847 14985
0.971 8569
1.093 15620
1.000 13816
0.956 20483
0.923 15884
0.736 8929
0.807 7897
1.101 11721
1.105 10140
1.031 11688
0.993 11360
1.020 11550
0.986 12235
0.948 13825
1.013 9813
0.996 11903
0.971 18307
0.998 15015
0.998 13395
1.013 16140
0.995 13268
0.998 15690
0.687 7935
1.314 12501
0.969 9552
0.985 13097
0.985 16828
0.969 15340
0.986 11347
0.982 12706
0.982 19539
1.008 14118
0.996 20675
0.983 11967
1.011 16837
0.884 17588
0.992 13412
1.000 11269
0.978 11673
0.990 14271
0.942 17701
0.991 15535
0.919 11647
1.076 16501
0.925 19790
0.995 20567
1.007 14142
0.919 11594
0.986 16982
0.990 14179
0.971 11476
0.994 12916
0.969 12613
0.985 13328
0.984 9795
0.971 10454
1.001 9932
0.992 18546
0.992 17487
0.989 9809
0.988 15016
0.888 9894
0.961 14505
0.989 13887
1.001 14041
0.978 14439
0.997 14888
0.989 14863
0.996 9974
0.995 18261
0.995 9963
0.979 15689
1.003 12551
0.985 10839
0.993 14694
0.991 16090
0.992 13724
1.001 16254
0.972 9690
0.997 13110
0.970 12947
1.010 10013
1.005 16382
0.993 18045
0.996 17116
0.995 11644
0.990 16546
0.989 10519
0.990 13715
0.998 14581
0.954 18532
1.041 12934
0.994 15153
0.970 9535
1.028 11898
0.959 18157
1.011 11436
1.004 16667
0.984 11893
0.987 18283
1.022 10502
0.986 10559
0.999 11276
0.988 12533
1.010 16898
1.000 9938
1.003 13779
0.995 13238
0.971 9708
0.964 9455
1.001 15343
1.031 13165
0.994 12345
0.961 15771
0.985 19643
0.937 14023
1.059 15905
1.009 16308
0.985 10240
0.992 11870
0.972 14857
0.962 14144
1.052 13233
0.964 12191
0.990 17308
0.981 17857
0.956 8927
0.999 9251
1.050 12791
0.995 12149
0.987 12121
0.999 18271
0.975 18530
0.959 14695
0.998 12564
1.004 15274
1.005 15652
0.924 13205
0.998 11675
0.998 9843
0.994 13127
0.986 18843
1.024 9544
1.014 13277
0.987 12704
0.988 19179
0.915 10208
0.985 11239
1.046 24102
0.982 17994
0.980 12932
1.011 12883
0.982 11330
1.030 12916
0.898 9836
1.018 9590
1.071 10651
0.978 9741
0.965 12711
0.990 13343
1.031 13071
0.997 12597
0.988 14664
0.994 14844
1.001 14141
0.996 10394
0.970 11960
1.021 19760
0.997 20242
0.982 21878
0.986 22589
1.013 18224
0.995 13250
0.949 17644
0.981 18406
1.022 12694
0.986 10937
0.986 20852
1.020 9664
0.900 15165
0.982 17623
0.523 6876
1.461 8163
1.159 18680
0.970 18164
0.937 11137
0.990 9999
0.997 10156
1.051 16173
1.015 22760
0.883 10582
1.073 12880
0.707 7525
1.185 12496
1.163 12578
0.991 15704
1.030 14403
1.000 17392
1.002 21484
0.964 12856
1.018 9817
0.993 16209
0.992 19447
0.999 15125
0.963 9856
0.979 13097
1.009 20451
1.017 9753
0.970 16049
0.963 20995
0.935 23063
1.023 15516
1.024 13982
0.940 9143
1.063 20213
0.950 10334
1.045 15796
0.920 10896
0.994 10028
1.055 14913
0.988 17454
1.002 12282
0.993 9531
0.984 12912
1.015 23429
1.000 12564
0.966 14342
1.002 14350
0.980 14645
1.028 19098
0.985 21146
0.723 10759
1.017 9478
1.232 24447
0.937 8259
0.990 15235
0.976 11100
0.959 17089
0.969 20821
0.987 12345
1.010 13467
0.981 13572
0.995 18987
0.949 21751
0.901 11509
1.002 11433
1.015 9962
0.996 10556
0.968 18486
1.008 9846
0.969 12642
0.974 13328
0.974 16172
0.990 10875
0.979 13164
0.962 15885
0.976 10803
0.972 13855
0.887 9997
1.030 9886
0.730 9962
1.358 15539
1.015 17626
0.982 12594
0.962 16234
0.985 12572
0.987 16521
1.016 10868
0.975 20164
0.989 12303
0.911 15583
0.956 11990
0.967 12601
1.003 10018
0.966 16030
0.990 16983
0.966 9676
0.937 14746
1.060 12922
0.938 12591
1.043 14529
1.009 10711
0.989 12311
0.969 9679
0.995 15036
1.028 9939
0.992 11162
0.978 9702
1.005 11270
0.973 13997
1.029 11592
0.921 17065
1.086 12239
0.934 10551
0.999 10824
1.044 12921
0.989 9809
0.925 19352
1.030 13674
0.955 13772
0.940 12041
1.027 12366
1.010 15749
0.965 14837
1.023 14707
0.987 10359
0.995 12534
0.998 13538
0.992 10867
0.760 10673
1.277 13739
0.947 10816
1.041 13400
0.990 9841
0.990 17576
0.967 15275
1.033 11293
0.969 19408
1.020 11100
0.946 13175
1.006 12541
0.972 18791
1.019 15703
0.994 11543
0.991 17896
0.994 12537
0.997 9973
0.995 13512
0.996 18519
0.989 9902
0.986 9728
0.988 17366
0.956 11985
1.032 20221
0.989 9980
0.962 12958
0.981 13163
0.980 20045
0.947 12889
1.007 10545
0.995 16473
1.011 12901
0.914 12605
1.068 17163
0.929 13203
1.032 12443
0.985 12532
0.997 13535
1.013 9858
0.994 12624
0.991 12518
0.990 14076
0.980 14235
0.999 23337
0.700 11057
1.382 19093
0.956 12213
1.031 14058
0.895 10918
1.046 26132
1.047 12961
0.986 15328
0.929 13557
1.005 16558
1.042 18363
0.970 16630
0.991 11476
0.974 16176
1.029 15485
0.997 14971
0.996 9844
0.965 11394
0.972 9368
1.042 13504
0.986 13185
0.963 13777
0.752 8383
1.316 11449
1.017 12479
0.994 22591
0.947 17966
1.030 21647
1.001 14361
0.992 11083
0.956 13452
0.992 12470
1.025 17698
0.991 11503
0.989 10162
