0.000 0
1.534 19724
1.568 15249
1.641 17201
1.531 16656
1.538 13838
1.920 18104
1.689 19848
1.745 28052
1.695 16869
1.737 13779
1.941 25291
1.844 23634
1.914 10345
1.653 28589
1.306 8455
1.707 7776
1.754 15716
1.717 23365
1.874 19413
1.754 20391
1.927 12269
1.840 15173
1.871 21133
1.924 14574
1.719 18234
0.990 16311
1.499 27457
1.867 18549
1.843 22236
1.908 21614
1.863 21457
1.861 16206
1.855 19690
1.767 22472
1.897 22309
1.835 16090
1.846 22288
1.860 16964
1.805 27820
1.616 16104
1.389 15111
1.003 13187
1.000 11211
0.994 20138
1.649 12784
1.790 15109
1.937 23466
1.903 19700
1.707 27226
1.844 19391
1.840 14344
1.753 16566
1.905 16974
1.841 19338
1.902 12452
1.792 18422
1.948 25041
1.883 18430
1.811 21602
1.779 15774
1.791 14244
1.877 19742
1.893 13516
1.779 19715
1.946 15100
1.798 21556
1.792 15709
1.820 19781
1.676 15429
1.746 11010
1.945 26326
1.810 14564
1.861 17364
1.918 16006
1.895 19287
1.897 14702
1.892 19580
1.776 14933
1.811 16595
1.739 16219
1.836 16743
1.881 18919
1.719 12558
1.838 14665
1.954 18797
1.872 17523
1.845 13336
1.930 19979
1.737 12202
1.786 18910
1.904 19695
1.773 16145
1.948 12554
1.889 12643
1.788 20244
1.753 13971
1.973 23404
1.792 20596
1.293 14642
2.091 19790
1.823 19558
1.937 17361
1.778 22907
1.953 14437
1.839 17320
1.778 24520
1.899 14547
1.926 19418
1.884 27547
1.802 20879
1.892 16125
1.816 26548
1.864 13742
1.788 16038
1.840 10008
1.616 24717
1.797 13413
1.758 15802
1.796 15631
1.687 30175
1.882 19796
1.894 19931
1.915 21501
1.855 22963
1.840 18747
1.900 25696
1.853 21235
1.808 17538
2.016 14890
1.901 24899
1.746 17337
2.001 21868
1.863 22146
1.902 17954
1.827 14620
1.877 19721
1.874 17889
1.672 20892
1.680 29791
1.814 27258
1.876 15976
1.132 11281
0.977 15788
1.017 18112
1.433 17220
1.961 18095
1.826 13189
1.761 20864
1.863 12182
1.795 17136
1.925 14647
1.929 27433
1.949 15190
1.897 17812
1.952 23954
1.931 14144
1.871 15922
1.726 17453
1.974 11743
1.769 15332
1.977 34323
1.876 15509
1.811 16714
1.836 13491
1.852 14721
1.851 24448
1.777 17117
1.862 17524
1.815 15196
1.841 21068
1.793 28613
1.895 21993
1.931 26907
1.857 16727
1.814 11622
2.016 21311
1.807 13060
1.826 23920
1.776 23145
1.784 27237
1.798 15148
1.903 17595
1.515 18847
2.264 14109
1.784 19007
1.953 22160
1.783 10049
1.880 16034
1.796 17652
1.918 17560
1.547 18410
2.051 17691
1.864 29573
1.779 18402
1.945 24115
1.700 16333
1.754 18738
1.536 18111
2.106 14387
1.974 22470
1.895 23637
1.719 20633
1.716 21299
1.945 12625
1.890 16341
1.942 24839
1.873 13537
1.776 16694
1.412 29135
1.887 16080
1.855 14387
1.927 22143
1.761 27182
1.944 15131
1.908 17107
1.907 12496
1.950 25882
1.846 16733
1.844 22291
1.924 18319
1.746 15560
1.925 14913
1.798 20495
1.546 16375
1.656 19013
1.846 19422
1.975 18492
1.882 17738
1.832 23737
1.894 17426
1.947 14227
1.903 21298
1.894 15456
1.833 17638
1.635 14337
1.769 26563
1.827 17354
1.783 15090
1.698 11205
1.727 12910
1.465 14188
1.408 18332
1.508 17373
1.562 13857
1.875 19072
1.524 17428
1.572 20084
1.826 22572
1.865 14448
1.676 19279
1.653 16960
1.193 12388
1.005 15600
1.590 19587
1.936 15679
1.959 14153
1.935 20685
1.970 12312
1.926 21489
1.958 21634
1.966 19329
1.963 21185
1.944 25702
1.797 20772
1.779 17275
1.666 28070
1.815 19005
1.703 27151
1.824 12771
1.623 25828
1.788 11336
1.418 18844
2.020 10647
1.814 24539
1.882 19814
1.767 16909
1.792 20318
1.705 18896
1.844 20657
1.772 19132
1.908 19632
1.758 15995
1.603 10964
1.660 21302
1.567 18288
1.723 12088
1.911 17083
1.686 16746
1.622 15114
1.920 20330
1.847 15791
1.791 21183
1.671 21720
1.591 17427
1.563 12947
1.605 14549
1.917 18229
1.893 16141
1.879 21125
1.855 14742
1.806 19976
1.810 20483
1.863 23511
1.907 20709
1.880 12879
1.863 24620
1.295 15258
0.982 14706
0.989 16746
0.976 17880
0.958 20458
1.648 11672
1.898 21097
1.951 17716
1.821 26011
1.893 20185
1.848 24493
1.805 21407
1.832 14850
1.957 16458
1.878 26660
1.805 14224
1.589 14394
1.811 14213
1.881 12641
1.762 17819
1.903 15498
1.790 13772
1.919 20852
1.909 19225
1.897 23083
1.892 13314
1.869 20778
1.780 23368
1.718 17328
1.790 14686
1.632 16882
1.648 15429
1.833 13038
1.827 18335
1.802 16009
1.836 18791
1.821 14544
1.885 20492
1.729 21486
1.833 23903
1.801 13958
1.780 14790
1.993 18464
1.560 11383
1.272 11867
2.034 13805
1.783 16896
1.950 26308
1.759 15477
1.376 13002
2.210 20416
1.808 12002
1.905 15913
1.882 17469
1.702 19079
1.776 20288
1.904 26717
1.954 15164
1.870 24519
1.910 21164
1.743 17508
2.072 20226
1.965 10707
1.878 29375
1.843 26861
1.954 17193
1.994 14295
1.977 17436
1.799 21695
1.779 14679
1.524 20516
1.756 22656
1.798 25085
1.777 15797
1.757 23459
1.849 15528
1.834 16548
1.755 21317
1.790 18710
1.930 14620
1.963 20371
1.931 21065
1.983 14083
1.981 15587
1.980 15273
1.995 22227
1.979 16495
1.944 18992
1.825 12466
1.977 13270
1.993 18910
1.952 23167
1.963 18312
1.925 14570
1.957 19762
1.983 14439
1.979 14331
1.956 14943
1.969 17746
1.973 14408
1.958 23977
1.646 20876
1.269 12810
2.403 11022
1.433 10665
1.840 13596
1.538 15166
1.649 7814
1.804 11131
1.829 11114
1.860 13847
1.908 11868
1.249 11542
1.047 10656
0.965 13744
1.144 12777
1.401 18301
1.803 16781
1.170 18239
0.961 14137
0.891 11107
0.999 11608
1.049 15430
0.956 19917
0.926 12038
1.018 15222
0.969 12177
1.394 21022
1.748 15344
1.793 26252
1.869 27055
1.800 14835
1.729 15897
1.764 11530
1.814 13953
1.676 15484
1.923 16280
1.817 15214
1.654 11940
1.891 11616
2.029 21792
1.715 17000
1.800 13617
1.910 20801
1.724 21883
1.743 12423
1.458 14288
1.659 17083
1.592 14393
1.823 21445
1.806 16090
1.763 16137
1.847 18818
1.714 15142
1.302 15438
1.031 11293
1.011 16840
1.594 18020
1.689 14647
1.917 21085
1.607 20654
1.879 23857
1.934 15825
1.807 19626
1.814 16378
1.833 17591
1.882 18817
1.973 16248
1.853 12868
1.691 21648
1.506 15982
2.228 22095
1.585 18840
1.787 21836
1.930 13414
1.797 24631
1.963 20406
1.898 10958
1.952 22131
1.876 22244
1.858 13766
1.805 20719
1.382 13076
1.785 13109
1.782 28382
1.592 18677
2.011 15470
1.888 14508
1.763 20261
1.749 26943
1.946 22286
1.802 16939
1.812 14554
