0.000 0
2.215 17325
1.927 17563
2.343 29638
2.858 22955
2.730 18613
2.497 17555
2.851 26070
2.835 22983
2.515 16274
2.111 15042
2.390 17210
1.589 16406
1.557 16542
1.802 14543
1.966 14005
1.840 17931
1.668 15077
1.629 13201
1.730 19221
2.063 20176
2.338 21354
2.776 19406
2.300 21219
1.931 16073
2.015 23737
1.952 22699
2.020 19388
1.929 17613
2.036 17337
1.945 19046
2.092 20226
1.941 18303
2.034 17926
1.963 25963
2.333 24494
2.691 24031
2.858 18829
2.763 13440
2.744 25201
2.818 24006
2.771 18783
2.716 29795
2.723 23412
2.818 27911
2.768 18671
2.794 22886
2.777 20923
2.753 18576
2.744 21973
2.799 20141
2.668 21965
2.766 19900
2.748 18740
2.737 26216
2.684 23747
2.755 19009
2.741 17408
2.830 20413
2.246 18600
2.461 24101
2.712 22529
2.844 15448
2.726 16967
2.856 28082
2.683 23849
2.426 17247
2.331 26840
2.852 20917
2.735 20596
2.893 23556
2.316 19660
2.562 26204
2.685 18522
2.827 21784
2.437 21353
2.020 20162
1.931 18534
2.594 19262
2.737 33599
2.732 12799
2.798 22996
2.741 22432
2.768 15674
2.797 26004
2.843 27610
2.668 20540
2.789 23588
2.758 15708
2.822 27517
2.727 18578
2.884 20113
2.665 22967
2.622 20239
2.467 19620
2.749 21143
2.596 17834
2.823 18159
2.720 21770
2.761 26295
2.669 19726
2.825 20136
2.758 33795
2.788 17315
2.094 17345
2.372 12568
2.510 24098
2.885 18785
2.647 17540
2.879 26363
2.693 23278
2.799 19483
2.688 20934
2.883 16203
2.681 29576
1.990 17895
2.338 25347
2.770 25520
2.716 25010
2.821 22987
2.761 13683
2.764 26256
2.755 21951
2.837 21275
2.672 18896
2.839 18291
2.700 18958
2.766 22303
2.802 34571
2.764 19231
2.755 25381
2.813 21853
2.774 20408
2.816 20546
2.725 19487
2.777 28968
2.802 14985
2.770 19116
2.766 20865
2.718 19025
2.814 24719
2.433 22195
2.004 26121
2.296 22510
2.815 21462
2.714 18379
2.867 20695
2.687 23339
2.767 16243
2.695 17591
2.893 20531
2.707 21032
2.798 27497
2.761 19596
2.838 24830
2.743 24641
2.838 19530
2.319 22913
1.890 18539
1.953 15307
2.616 21299
2.759 24281
2.726 18412
2.748 19463
2.756 20063
2.742 18705
2.881 17896
2.799 19779
2.685 18910
2.781 21189
2.622 18606
2.481 25493
2.750 25160
2.869 12762
2.747 24556
2.819 14790
2.672 21686
2.864 16192
2.756 24051
2.687 19597
2.037 16813
2.442 22840
2.722 30289
2.777 31680
2.639 18221
2.830 21116
2.686 20569
2.804 17592
2.773 25333
2.771 26706
2.777 26666
2.328 21676
2.368 29447
2.796 22067
2.012 17716
2.379 23661
2.773 26308
2.773 29209
2.760 23631
2.735 20395
2.800 24692
2.754 23536
2.858 32602
2.579 18908
2.882 31539
2.748 21288
2.781 24953
2.722 22383
2.837 15607
2.746 20646
2.758 17040
2.712 18974
2.797 19740
2.708 24867
2.776 18378
2.651 19129
2.893 14785
2.680 23605
2.826 28270
2.719 17599
2.722 13974
2.313 15464
2.194 21064
2.785 18888
2.735 19420
2.798 18621
2.753 10768
2.724 17439
2.760 20183
2.775 16508
2.782 18023
2.842 24733
2.739 21651
2.777 22516
2.690 16064
2.852 17565
2.669 22522
2.806 27407
2.766 17666
2.830 18793
2.748 20068
2.779 17014
2.730 17512
2.822 29057
2.632 30034
2.544 19022
2.752 16224
2.757 30125
2.731 30168
2.350 18449
2.402 27000
2.804 20307
2.735 22390
2.829 21976
2.810 19093
2.759 21725
2.729 23364
2.437 17090
2.462 23330
2.675 19966
2.803 17701
2.751 26171
2.779 13437
2.734 19218
2.771 24678
2.699 24944
2.856 20106
2.064 17655
1.957 18290
2.313 23056
2.804 19998
2.725 26214
2.851 21851
2.280 23512
1.994 15942
2.522 24847
2.834 19597
2.289 16869
2.426 21210
2.708 24137
2.390 18309
1.946 23898
2.391 15641
2.866 15694
2.686 19063
2.788 30661
2.725 26984
2.827 23363
2.720 19303
2.800 16507
2.819 23024
2.794 21040
2.740 15578
2.762 25397
2.323 21405
2.017 17766
2.343 19930
2.918 20931
2.556 20541
2.885 20761
2.735 17910
2.761 18952
2.739 25251
2.779 21634
2.686 15412
2.852 20330
2.696 16756
2.807 20915
2.792 21538
2.790 21788
2.380 24565
2.302 25214
2.681 22111
2.889 20603
2.793 28415
2.757 19642
2.701 19696
2.842 12533
2.766 23389
2.764 12205
2.780 19991
2.789 18302
2.725 19260
2.565 22925
2.640 19553
2.867 13660
2.445 16240
1.980 13947
1.994 20954
2.419 14850
2.695 17092
2.810 18614
2.696 17234
2.639 15351
2.844 26928
2.747 27409
2.840 21862
2.756 24064
2.735 26285
2.844 21579
2.765 23516
2.746 30646
2.737 26533
2.764 15980
2.832 22828
2.754 19628
2.769 26542
2.720 29322
2.818 31634
2.739 23585
2.799 24512
2.655 16154
2.009 19838
2.424 20255
2.749 29953
2.710 32330
2.835 21795
2.764 21573
2.846 20442
2.708 21562
2.812 14503
2.727 19622
2.791 18699
2.778 19788
2.759 16789
2.862 19528
2.745 26557
2.792 27719
2.670 20299
2.836 25737
2.687 22760
2.766 27932
2.804 17029
2.756 21446
2.710 18931
2.762 12882
2.397 17735
2.014 22589
1.950 20499
1.995 22509
2.325 26992
2.833 21154
2.721 31731
2.777 22067
2.695 23117
2.753 24389
2.894 20274
2.769 18109
2.765 27413
2.759 17408
2.729 23062
2.764 31515
2.771 19361
2.751 21528
2.753 22382
2.775 25276
2.715 18034
2.821 35511
2.746 20875
2.743 18573
2.773 19289
2.726 25924
2.819 17417
2.749 26736
2.813 25034
2.684 29882
2.769 22828
2.718 23375
2.851 21965
2.677 30640
2.885 21108
2.803 17793
2.331 14135
1.956 14811
2.486 23364
2.709 25360
2.801 25106
2.755 21264
2.349 28828
1.879 23813
2.349 17529
2.888 28074
2.699 25021
2.771 22171
2.787 26470
2.289 28165
1.971 23743
1.998 19478
2.206 22511
2.670 21890
1.770 12381
2.301 11758
2.399 26854
1.990 17283
1.955 21060
2.324 16607
2.688 19322
2.823 28146
2.836 21815
2.739 19455
2.224 17097
2.838 29182
2.737 23672
2.859 16754
2.733 26955
2.859 27826
2.645 23433
2.844 19299
2.794 16682
2.762 22541
2.721 23244
2.908 24770
2.807 23162
2.134 20439
1.959 20888
2.475 34751
2.742 21151
2.717 20015
2.835 28950
2.775 18464
2.818 20267
2.765 23710
2.724 21182
2.509 20284
2.705 15618
2.886 22384
2.800 23118
2.722 18542
2.807 24746
2.652 22339
2.811 19698
2.698 32074
2.825 20196
2.722 32537
2.844 28480
2.713 26525
2.841 20024
2.684 24566
2.759 25964
2.790 22402
2.782 19941
2.785 25691
2.801 28336
2.743 22246
2.784 25738
2.745 27338
2.730 19702
2.849 16157
2.104 27687
2.486 20583
2.358 14781
1.839 19115
2.251 23909
2.765 24886
2.832 27369
2.759 23567
2.728 21687
2.823 26154
2.662 18713
2.838 20084
