0.000 0
1.108 6764
1.193 9575
0.986 7982
1.017 10803
1.286 11462
1.520 11171
1.810 10311
1.821 9263
1.549 11158
1.893 12862
1.809 11325
1.807 13335
1.987 15441
1.819 13379
1.609 8943
2.033 13474
1.871 10171
1.654 8844
1.342 9400
1.686 12949
1.584 7891
1.739 13507
1.540 12140
1.266 9181
1.413 7943
1.799 11552
1.120 9662
0.664 10600
1.428 11714
1.807 11701
1.835 13320
1.473 9127
1.913 11672
1.700 11228
1.525 7443
1.709 12676
1.725 10583
1.855 13229
1.795 12560
1.922 8092
1.926 14332
1.778 7077
2.098 13455
1.814 9925
1.898 8924
1.928 9087
1.912 8010
1.938 12878
1.882 10955
1.808 9281
1.905 11472
1.835 9626
1.888 12919
1.896 9391
1.838 9515
1.904 18551
1.735 10165
1.834 10515
1.940 11593
1.582 14955
1.848 11918
1.880 9575
1.411 10655
1.804 9101
1.728 17488
1.659 9788
1.709 9316
1.799 11511
1.446 9709
1.724 10573
1.290 10847
1.962 9300
1.682 11290
1.888 8837
1.850 13487
1.876 8104
1.918 10089
1.840 13810
1.879 14592
1.773 15870
1.912 7997
1.859 9269
1.897 8765
1.926 11604
1.846 9208
1.924 8712
1.733 7705
1.925 13039
1.841 14132
1.778 9052
1.839 8861
1.840 10288
1.840 9440
1.963 7624
1.960 12707
1.889 8353
1.889 16743
1.921 13255
1.850 12384
1.834 10847
1.844 7680
1.611 10360
1.928 9788
1.883 7616
1.852 11000
1.813 8959
1.566 8789
1.796 9481
1.819 10566
1.767 12998
1.961 10235
1.903 13590
1.833 12630
1.799 12751
1.810 11312
1.888 11313
1.831 10945
1.773 13386
1.845 10203
1.866 8819
1.796 12964
1.867 13632
1.808 10075
1.958 16156
1.908 11275
1.630 7688
1.741 11590
1.913 10522
1.812 9073
1.790 11986
1.836 13851
1.871 11905
1.821 11808
1.819 11580
1.781 7745
1.548 7883
1.854 12918
1.800 13524
1.900 12663
1.854 10114
1.864 9634
1.792 9141
1.903 10936
1.773 11496
1.882 9716
1.876 9803
1.401 8217
1.521 8128
1.889 12378
1.974 7762
1.904 15794
1.806 8434
1.896 13932
1.807 10518
1.810 15591
1.750 9841
1.780 10771
1.880 13011
1.886 8160
1.866 7680
1.715 11932
1.797 10874
1.856 9701
1.749 15832
1.850 8832
1.726 8424
1.908 13131
1.863 11437
1.870 13737
1.831 10595
1.866 10412
1.935 10583
1.891 9989
1.314 12138
0.978 9658
1.001 10441
0.997 8636
0.992 9649
0.997 9475
0.993 9903
1.585 12477
1.971 16460
1.869 11008
1.738 10461
1.894 9962
1.969 18909
1.873 13204
1.667 17033
1.827 8085
1.861 7988
1.791 13638
1.834 9911
1.986 14015
1.939 8875
1.927 13652
1.859 10521
1.829 8033
1.810 15310
1.472 7918
1.986 13035
1.525 9469
1.590 13812
1.680 11622
1.901 9183
1.899 8061
1.942 7809
1.963 11329
1.984 8855
1.972 8916
1.980 11202
1.852 15232
1.975 9575
1.808 9270
1.984 10549
1.981 9439
1.969 13386
1.990 11777
1.989 15626
1.974 9908
1.978 10307
1.988 9243
1.886 9647
1.878 7845
1.992 11262
1.973 9242
1.949 10444
2.010 14065
1.984 13135
1.973 12927
2.001 12083
1.908 8316
1.989 15088
1.881 10277
2.008 9325
1.975 14304
1.975 10942
1.987 7601
1.971 10872
1.883 7779
1.988 9810
1.979 12509
1.982 9316
1.969 10806
1.989 9202
1.977 10234
1.963 13153
1.941 12026
2.007 12379
1.987 9761
1.978 13849
1.976 12504
1.998 10777
1.933 12159
1.972 9548
2.002 7879
1.982 11084
1.963 10056
1.998 9369
1.968 7837
1.881 7940
1.960 8202
1.980 10915
1.969 10972
1.902 8699
1.885 9465
1.885 10467
1.965 8162
1.979 9502
1.998 15796
1.970 19569
1.975 13532
1.986 9043
1.986 9531
1.981 9655
1.998 9724
1.975 9142
1.964 10749
1.980 8084
1.893 9344
1.918 9222
1.963 7843
1.979 7813
1.978 12053
1.988 9063
1.970 12091
1.942 13543
1.976 19865
1.979 8906
1.962 11775
1.954 7763
1.921 11032
1.958 10693
1.975 12032
1.983 10629
1.985 10174
1.986 11527
1.883 11418
1.968 10529
1.961 8649
1.989 14458
1.981 13207
1.962 7812
1.981 8851
2.011 13023
1.926 7791
1.983 11420
1.949 10518
1.947 9753
1.980 11402
1.935 7811
1.980 14764
1.985 9607
1.981 10335
1.960 10815
1.959 10983
1.949 11818
1.994 16492
1.976 7781
1.971 10933
1.799 12368
1.642 9794
1.711 11350
1.814 9379
1.837 9347
1.962 9418
2.003 12640
1.957 8049
1.967 7716
1.976 9833
1.983 9926
1.982 10469
1.984 10698
1.969 12429
2.001 12705
1.960 12012
2.002 12977
1.989 11910
1.989 12099
1.991 11418
1.981 11559
1.980 11558
1.934 8487
1.944 10204
1.988 11761
1.970 13213
1.947 14530
1.983 11746
1.989 9165
1.985 10538
1.974 10931
1.976 8193
1.961 15095
1.974 9951
1.935 13592
1.897 8466
1.986 9959
1.977 13171
1.985 8548
1.963 15002
1.944 11402
1.950 8029
1.946 7785
1.991 7776
1.989 10472
1.992 14246
1.983 7720
1.965 7761
1.962 10232
1.972 7655
1.951 9199
1.971 9725
1.949 12378
1.954 10755
1.969 13377
1.971 9665
1.981 9937
1.981 8940
1.952 10674
1.972 11850
1.900 7769
1.903 10966
1.918 11469
1.880 8682
1.951 8465
1.952 9133
1.966 14484
1.944 10467
1.993 12648
1.979 11869
1.955 10201
1.977 9437
1.987 9396
1.993 13827
1.928 12199
1.969 16155
1.971 9904
1.963 14205
1.970 9318
1.978 13403
1.828 12436
1.584 9211
1.568 10833
1.816 12081
1.866 8010
1.984 13767
1.957 11908
1.963 13639
1.976 11191
1.938 10009
1.984 10852
1.957 7823
1.982 11156
1.929 11210
1.966 12317
1.989 11487
1.979 10820
1.991 7972
1.970 7767
1.905 9727
1.981 10728
1.983 7725
2.001 10034
1.974 8121
1.977 10596
1.967 12566
1.889 7899
1.952 12086
1.967 13342
1.957 15493
1.965 13826
1.986 12546
1.988 9847
1.879 7865
1.967 12233
2.002 8938
1.987 13202
1.995 7821
1.986 11045
1.986 11234
1.933 13124
1.972 8100
1.965 11903
1.965 9520
1.905 10711
1.885 12619
1.881 14189
1.974 12860
1.973 7831
1.967 11052
1.975 12332
1.947 10754
1.977 11976
1.909 11612
1.789 11907
1.911 12675
1.948 9287
1.830 11068
1.881 13372
1.743 9427
1.530 9251
1.716 10678
1.658 8047
1.903 12531
1.914 9032
1.653 7261
1.706 12089
1.876 13772
1.861 9565
1.616 14492
1.914 12482
1.783 9646
1.806 10176
1.869 8797
1.887 8600
1.837 9702
1.917 10473
1.847 8756
1.875 10424
1.904 9052
1.889 15297
1.765 7936
1.797 18347
1.844 12452
1.775 9747
1.841 8566
1.639 9545
2.159 8828
1.820 9658
1.683 8625
1.635 8796
1.622 8816
1.919 11535
1.612 7864
1.519 11573
1.581 8740
1.799 10061
1.811 8659
1.697 12658
1.654 8926
